<?xml version="1.0"?>
<opencv_storage>
<calibration_Time>"Wed Sep  5 18:19:22 2018"</calibration_Time>
<nrOfFrames>40</nrOfFrames>
<image_Width>1280</image_Width>
<image_Height>720</image_Height>
<board_Width>9</board_Width>
<board_Height>6</board_Height>
<square_Size>25.</square_Size>
<FixAspectRatio>1.</FixAspectRatio>
<!-- flags:  +fix_aspectRatio +fix_principal_point +zero_tangent_dist -->
<flagValue>14</flagValue>
<Camera_Matrix type_id="opencv-matrix">
  <rows>3</rows>
  <cols>3</cols>
  <dt>d</dt>
  <data>
    1.0995925167564403e+03 0. 6.3950000000000000e+02 0.
    1.0995925167564403e+03 3.5950000000000000e+02 0. 0. 1.</data></Camera_Matrix>
<Distortion_Coefficients type_id="opencv-matrix">
  <rows>5</rows>
  <cols>1</cols>
  <dt>d</dt>
  <data>
    -3.8594962281605977e-01 1.8069956916424257e-01 0. 0.
    -1.1103815615018345e-02</data></Distortion_Coefficients>
<Avg_Reprojection_Error>9.5220646685613319e-01</Avg_Reprojection_Error>
<Per_View_Reprojection_Errors type_id="opencv-matrix">
  <rows>40</rows>
  <cols>1</cols>
  <dt>f</dt>
  <data>
    4.54017013e-01 4.88998353e-01 6.20519578e-01 5.98802567e-01
    4.79324192e-01 5.06965220e-01 7.83091605e-01 8.47465217e-01
    5.59408486e-01 8.15295994e-01 7.25413680e-01 4.90396172e-01
    3.71425569e-01 4.13793176e-01 4.27178770e-01 4.64509636e-01
    5.87818086e-01 6.99783206e-01 7.95908749e-01 7.48572052e-01
    8.23281825e-01 1.23297417e+00 1.19493818e+00 1.45157564e+00
    1.48453248e+00 1.18466640e+00 1.35555613e+00 1.00044394e+00
    9.28835332e-01 1.30047214e+00 8.03419054e-01 9.95866120e-01
    1.57148242e+00 1.31617248e+00 1.04841864e+00 1.15522575e+00
    8.64404976e-01 1.11523366e+00 1.04451263e+00 1.64090979e+00</data></Per_View_Reprojection_Errors>
<!-- a set of 6-tuples (rotation vector + translation vector) for each view -->
<Extrinsic_Parameters type_id="opencv-matrix">
  <rows>40</rows>
  <cols>6</cols>
  <dt>d</dt>
  <data>
    -4.8628832446294840e-01 -3.2739528802459422e-01
    1.4760480876312256e+00 -1.9928355414843207e+02
    -1.4867687907539442e+02 5.5594889695735924e+02
    -4.2262906150730395e-01 -2.7811891631144509e-01
    1.3980114309657978e+00 -1.0525281042741355e+02
    -1.2524455444516795e+02 5.5756429231737968e+02
    -4.0210395634911827e-01 -2.3873363079850662e-01
    1.4545203810325746e+00 -9.6637207799491122e+01
    -1.2130750652523118e+02 5.3157160148745538e+02
    -4.0114148608755312e-01 -2.5930867548187370e-01
    1.4716931555410722e+00 -1.0287787352996101e+02
    -1.2042162425113902e+02 5.3575449385752916e+02
    -4.1767282290707919e-01 -2.7871613511097088e-01
    1.4641542938336587e+00 -1.0116309185176671e+02
    -1.1792676477173106e+02 5.3975793377428386e+02
    -3.3539946401580978e-01 -1.1111473359451149e-01
    1.4227053748309870e+00 -7.7449620559721737e+01
    -1.1993436395794464e+02 5.2969362232745777e+02
    -8.1846221264843533e-02 1.3821619923485570e-01
    1.3898623922901423e+00 9.4790944487867428e+00
    -1.3253219002699120e+02 5.3471127274583432e+02
    1.7830587046237406e-01 2.6724229337687394e-01 1.3609196570800253e+00
    1.2020115876096446e+02 -1.5638304999000155e+02
    5.3878129402066156e+02 1.8247518489112863e-01 2.6907648391563016e-01
    1.4015635441226741e+00 1.5412959982519618e+02
    -1.6500011092527183e+02 5.2106511782474877e+02
    2.7580944987081230e-01 3.2801710700880132e-01 1.3829455603311864e+00
    1.7693704976246309e+02 -1.6435575257684465e+02
    4.9353869351787188e+02 4.8067418751353386e-01 4.1896954305599576e-01
    1.3340348981375132e+00 1.9483101675485969e+02
    -1.5692908223219769e+02 4.9079008643547633e+02
    4.0761071926185033e-01 3.8920012243507668e-01 1.3839763400829790e+00
    1.9084086122971271e+02 -1.5535639688912775e+02
    5.0251558900452329e+02 1.7521244939412306e-01 2.8038231211904169e-01
    1.3687006291099231e+00 1.5788290385982603e+02
    -1.6263822165954321e+02 5.0593079389929881e+02
    2.5289487087941032e-02 -1.1368471273447288e-01
    3.1399468818751791e-01 1.8488115188566083e+00
    -1.7963979648733454e+02 5.4102129124274120e+02
    3.2017258051169721e-02 -7.9145158770693474e-02
    1.2035925156983361e-01 -1.6002022744131391e+01
    -1.5304365209724958e+02 5.3475254617898690e+02
    1.7763842973107755e-01 1.9520511382963388e-02 7.0488130430175822e-02
    -6.2577808031618524e+01 -1.1936523024944137e+02
    5.3924931926294403e+02 1.1570675734278119e-01 4.0409910832721524e-02
    1.0707319860324033e-01 -8.3460755539846815e+01
    -8.3049712945586649e+01 5.1003549848835274e+02
    1.7134687502399601e-01 4.5826539798452089e-02 7.4521066129507568e-02
    -1.3645156108063364e+02 -6.1265305847009621e+01
    4.4893997446105379e+02 -3.0996183617825773e-02
    7.8311083109247649e-03 8.1694278723734387e-02
    -1.4026804999613887e+02 -6.1528389758212349e+01
    4.3913879552155072e+02 -3.4409287637251762e-01
    -4.5808227004666600e-02 7.5734387882642709e-02
    -1.5384527385366675e+02 -4.9684238805641350e+01
    4.7338481493677244e+02 -4.3259638289423175e-01
    -8.5828849149389069e-02 5.4545448531787152e-02
    -1.6782569948124492e+02 -5.9297656546705561e+01
    3.9335951219842138e+02 -4.4473571732100442e-01
    -6.8837099015346292e-02 1.0615421666634582e-02
    -1.6501535079573884e+02 -5.7829328409010522e+01
    3.1369248700607631e+02 -2.9877642868258841e-01
    6.5156087334602335e-03 -6.9689561678212456e-02
    -1.5519544598283721e+02 -7.8126852693491230e+01
    2.9730417292008428e+02 -1.9992363703650842e-01
    6.4514964698970209e-02 -9.5435646848360950e-02
    -1.5515120854766434e+02 -6.7263225282180514e+01
    2.9272350670380928e+02 -1.5537907941327950e-01
    1.1854639802859920e-01 -1.1373537258483010e-01
    -1.5543759573873317e+02 -5.8147471988630571e+01
    2.9195954444961149e+02 -1.2916655877689820e-01
    1.1133286390845701e-01 -9.9594365364345835e-02
    -1.5303954599361685e+02 -5.5648728538180144e+01
    2.9954404221840673e+02 -1.6184193223414506e-01
    1.8770237046113310e-02 -7.3734438166729005e-02
    -1.4580008501405149e+02 -6.8868329537012286e+01
    2.9400202082515301e+02 -1.4772750798750486e-01
    -7.3061840960225555e-02 -1.5775754386805719e-02
    -1.4123954951316495e+02 -4.7801694689331498e+01
    3.3829358887904561e+02 -1.7151504946874988e-01
    -2.4702050950558864e-02 -2.6685651747941689e-02
    -1.2735772551300751e+02 -5.7892162436351533e+01
    3.4521484165921430e+02 -1.4893651638535055e-01
    -3.1521522063793335e-02 -1.2006414825021518e-02
    -1.1613211519583029e+02 -5.6397197867360894e+01
    3.5352545830350192e+02 -1.9519623030461700e-01
    -5.4701409771448960e-02 2.5610745221762480e-03
    -1.1381427331511665e+02 -4.5091085980766294e+01
    3.6393738754659603e+02 -2.8252821665789607e-01
    -1.0068987384833146e-01 5.7353009560647136e-02
    -1.0800673224268661e+02 -5.8407138128683492e+01
    3.7340539003218248e+02 -2.2092152627725867e-01
    -2.2571357765411421e-01 1.1453200040471899e-01
    -1.3143277588632827e+02 -4.5795562649815736e+01
    3.6090085920624932e+02 -2.0531684620551438e-01
    -2.9742540014583924e-01 1.7507182961109241e-01
    -1.6573971791681126e+02 -5.5560397617693418e+01
    3.5967047189432776e+02 -2.0162170606731666e-01
    -3.8651846706616350e-01 2.0583279296713505e-01
    -1.8180364139654495e+02 -6.7581195091195980e+01
    3.5933166927766297e+02 -2.0475345668914047e-01
    -5.1733279506770724e-01 2.2660878725507236e-01
    -1.8665120945788900e+02 -5.5286814177342720e+01
    3.4972036486728609e+02 -2.2322613028752394e-01
    -5.8365883711040623e-01 2.3688863737747221e-01
    -1.8351135460582185e+02 -6.2290115146381780e+01
    3.4883770310568195e+02 -2.3370458848046258e-01
    -5.9230503853877625e-01 2.2879161354296007e-01
    -1.7508937103283515e+02 -6.9163574235884880e+01
    3.4848906779103800e+02 -2.3972511416439410e-01
    -5.8535345580364984e-01 2.2622470084918814e-01
    -1.7747510264155147e+02 -5.5707776728146250e+01
    3.4512583961033511e+02 -6.7899629204345405e-02
    1.7039588568607666e-01 -5.0625828458169167e-02
