<?xml version="1.0"?>
<opencv_storage>
<calibration_Time>"Sat Nov  3 20:05:07 2018"</calibration_Time>
<nrOfFrames>40</nrOfFrames>
<image_Width>640</image_Width>
<image_Height>480</image_Height>
<board_Width>9</board_Width>
<board_Height>6</board_Height>
<square_Size>5.</square_Size>
<FixAspectRatio>1.</FixAspectRatio>
<!-- flags:  +fix_aspectRatio +fix_principal_point +zero_tangent_dist -->
<flagValue>14</flagValue>
<Camera_Matrix type_id="opencv-matrix">
  <rows>3</rows>
  <cols>3</cols>
  <dt>d</dt>
  <data>
    6.8675122933366697e+02 0. 3.1950000000000000e+02 0.
    6.8675122933366697e+02 2.3950000000000000e+02 0. 0. 1.</data></Camera_Matrix>
<Distortion_Coefficients type_id="opencv-matrix">
  <rows>5</rows>
  <cols>1</cols>
  <dt>d</dt>
  <data>
    -4.0984505257069215e-01 5.5296541759027662e-01 0. 0.
    -1.2212585907399578e+00</data></Distortion_Coefficients>
<Avg_Reprojection_Error>4.7850809809436179e-01</Avg_Reprojection_Error>
<Per_View_Reprojection_Errors type_id="opencv-matrix">
  <rows>40</rows>
  <cols>1</cols>
  <dt>f</dt>
  <data>
    5.51557899e-01 5.44664800e-01 5.32652318e-01 5.16430497e-01
    5.51544487e-01 5.10586798e-01 4.98728633e-01 5.06086349e-01
    4.86024946e-01 4.67470497e-01 5.22424340e-01 4.29168195e-01
    4.59984273e-01 4.61363792e-01 4.79662836e-01 4.04961765e-01
    3.82280141e-01 3.96857858e-01 4.00763243e-01 3.82704973e-01
    3.77849102e-01 3.38498175e-01 3.74252796e-01 2.90136456e-01
    3.11432332e-01 2.85119772e-01 2.44161680e-01 3.04089069e-01
    5.46761274e-01 5.67045569e-01 5.25471210e-01 7.15821266e-01
    6.59674585e-01 5.47775686e-01 4.99360234e-01 4.74506110e-01
    5.29266298e-01 5.27494550e-01 5.50251722e-01 5.52087545e-01</data></Per_View_Reprojection_Errors>
<!-- a set of 6-tuples (rotation vector + translation vector) for each view -->
<Extrinsic_Parameters type_id="opencv-matrix">
  <rows>40</rows>
  <cols>6</cols>
  <dt>d</dt>
  <data>
    -8.8966023771265140e-02 -4.8397365402715498e-02
    3.1215092917188483e+00 2.5520700216883110e+01 8.1677831017967701e+00
    9.1551983789363703e+01 -9.5429397684630601e-02
    -9.7775387597789434e-03 3.1238702800169871e+00
    2.5324388507305894e+01 9.0658488886764026e+00 8.5810378013657541e+01
    -1.1290653594900339e-01 -2.6286412766546590e-03
    3.1257656979033173e+00 2.3844836819664256e+01 8.6427246258847408e+00
    8.5313355841741100e+01 -1.2876217133447135e-01
    2.4675277824464594e-03 3.1277862801978369e+00 2.3550991335293300e+01
    7.9418811912588723e+00 8.5287334721793300e+01
    -1.3963556572682620e-01 8.9518659121050285e-03
    3.1258156074305545e+00 2.3343925759113951e+01 7.4766726807020376e+00
    8.5198492990213282e+01 -2.2211135221504183e-01
    -1.0824406551781929e-01 3.1170077634649989e+00
    2.3263647365685603e+01 7.7313422805264835e+00 9.0590155114691413e+01
    -2.1899398598807007e-01 -3.4522772940267515e-01
    3.0819465538262500e+00 2.3306296699288161e+01 6.2193002228658596e+00
    9.3718521718133971e+01 -2.1475961357973453e-01
    -4.5111560867520467e-01 3.0441337920126541e+00
    2.3881848868099585e+01 3.2319593899189276e+00 9.4463725431289035e+01
    -2.3100142045233679e-01 -4.9299946368171621e-01
    3.0432287189120579e+00 2.2591455513396792e+01 9.9576115526710751e-01
    9.5467994811462034e+01 -2.1973302424309082e-01
    -5.5966338459645559e-01 3.0498210315090817e+00
    2.0551861681724425e+01 -4.9539739544103850e-01
    9.6232019396210930e+01 -2.0528767563923400e-01
    2.6836756406708406e-01 3.0298726686627915e+00 2.5230771509867669e+01
    9.1114221524243444e+00 8.1706393872743192e+01
    -2.7046005795129846e-01 1.8922879982584642e-01
    2.8062088342506963e+00 2.5608515499462122e+01 5.4233732795244616e-01
    8.4940857060954940e+01 -2.3125216361174097e-01
    1.6859254632484960e-01 2.7980822725887124e+00 2.5619870747618844e+01
    1.0443481845270006e+00 8.5456807793730150e+01
    -2.1072141531325111e-01 1.9256597729399100e-01
    2.8501589600585797e+00 2.5158330348147842e+01 3.0385499729309213e+00
    8.4062373577897404e+01 -5.2175771900255921e-02
    2.2804204633708522e-01 3.0519615949807837e+00 2.1574408595996076e+01
    9.3327244703720709e+00 7.9598179975264770e+01
    -6.5400874795373945e-02 -1.5586029609973034e-01
    -2.6396565851950227e+00 8.5571423534694429e+00
    2.3009092328689565e+01 8.1841389835862969e+01
    -3.2804513408807343e-02 -1.5309090837838699e-01
    -2.6223498403448584e+00 6.8737682438369783e+00
    1.8901223221290234e+01 7.5917407010048024e+01
    -1.8524539017141885e-02 -1.5716218351695443e-01
    -2.6290028055783448e+00 8.4910253238018107e+00
    1.7985266418719366e+01 7.4952721658928112e+01
    -3.7139523833707904e-03 -1.6198958958524318e-01
    -2.6263895420748296e+00 7.6687553966107052e+00
    1.7660642146865264e+01 7.5101253535390839e+01 9.1791453152764504e-02
    -3.5454320039345250e-01 -2.5855446134132629e+00
    6.5740804975061211e+00 1.9133571562069669e+01 7.4265332507099217e+01
    1.2824234143469893e-01 -3.8864927484375161e-01
    -2.6071816500862166e+00 8.0291420403104894e+00
    1.6021583204458459e+01 7.2823704133139884e+01 4.0660305094439742e-02
    -7.3345624043493068e-02 -2.6996623494724501e+00
    9.4057931501648930e+00 1.5876402288392585e+01 7.7887567975597079e+01
    -3.0707201981051788e-02 7.8908232795413639e-03
    -2.7417602186360215e+00 9.6335984643465995e+00
    1.4832347299294234e+01 7.9190435547538954e+01
    -2.1547543222131784e-02 2.6326891583230516e-01
    -2.8443627180644491e+00 1.2825197879418036e+01
    8.3923198550782985e+00 8.3230170547852950e+01
    -3.5592710197015848e-02 3.3311213378797028e-01
    -2.8612288565313877e+00 1.3489224859352101e+01
    7.1188495630876556e+00 8.4103729682094468e+01
    -1.3849534859412795e-02 3.7939489259875547e-01
    -2.8657917388960659e+00 1.3825692702137779e+01
    6.0728982188287652e+00 8.6240003966311804e+01 3.0643039473783554e-02
    3.8525488947417902e-01 -2.8976548564465627e+00
    1.3506719344198515e+01 4.2692497793287831e+00 8.6855203768192197e+01
    6.6594776116387880e-02 4.0649994066186051e-01
    -2.9109370488755490e+00 1.4470932539353631e+01
    3.9424635134652548e+00 8.9215966503575189e+01 1.0727032628768948e-01
    2.3218019311238826e-02 -3.0631333608431763e+00
    1.4866660644386780e+01 4.8985992844306354e+00 7.5028564072750001e+01
    6.0182176777914272e-02 -1.6411129090311977e-02
    -3.0684987306403473e+00 1.8771866288178348e+01
    7.7471656359893881e+00 7.3410460903874935e+01 8.6036086564864986e-02
    -1.0524076586676437e-01 -3.0214962513179029e+00
    2.0507039351205169e+01 1.2055075633411096e+01 7.1039602849537062e+01
    5.8037421584534399e-02 -7.2818460862086098e-02
    -3.0191592827630784e+00 1.8967179823302029e+01
    1.9835531225263821e+01 6.9658441494418909e+01
    -1.5713919923307312e-02 6.4796749687342545e-02
    -2.9891353380379488e+00 1.7905437725941756e+01
    2.3307349000373780e+01 7.0169168058639443e+01 1.7923985317773498e-02
    4.3208748119002593e-01 -2.9694689315462202e+00
    1.6592444374962835e+01 2.2592458688775515e+01 7.7446465909235556e+01
    5.6573153161020150e-02 5.9023161897310672e-01
    -2.9578347402254717e+00 1.7953470893542139e+01
    1.9736820722236438e+01 8.1479652756060943e+01 7.3336494492399845e-02
    5.1049098732344023e-01 -2.9631663107587367e+00
    1.8747300177773305e+01 1.9684798325837367e+01 8.1091628990956153e+01
    2.3800593072512359e-02 5.1047172734703505e-01
    -2.9584730504404244e+00 1.8642053472143100e+01
    2.1574781617572530e+01 7.8770564011033130e+01 5.0517958689031021e-02
    5.7837800219417212e-01 -2.9292055142471765e+00
    1.7650885432683857e+01 2.4071355356598549e+01 8.0848124094263923e+01
    7.7314214825159114e-02 2.8692989662575691e-01
    -2.9499777627024617e+00 1.8344162707642219e+01
    2.3947405839623247e+01 7.6579224981503131e+01
    -1.9155342495951233e-01 -2.9181326133715602e-02
    -3.0101156417556636e+00 1.9881297778200111e+01
    1.9373978881788982e+01 6.7487031522988332e+01</data></Extrinsic_Parameters>
